F=
0.9000,0,0.8000,0,1.0000,0
0,1.0000,0,1.0000,0,1.0000
0,0,1.0000,0,1.0000,0
0,0,0,1.0000,0,1.0000
0,0,0,0,1.0000,0
0,0,0,0,0,1.0000

H=
1,0,0,0,0,0
0,1,0,0,0,0
0,0,1,0,0,0

Q=
0.0100,0,0,0,0,0
0,0.0100,0,0,0,0
0,0,0.0100,0,0,0
0,0,0,0.0100,0,0
0,0,0,0,0.0100,0
0,0,0,0,0,0.0100

R=
3,0,0
0,3,0
0,0,3

T=40


VVfilt(:,:,1)=
2.0769,0,1.8462,0,2.3077,0
0,2.3077,0,2.3077,0,2.3077
0,0,2.3077,0,2.3077,0
0,0,0,10.0000,0,10.0000
0,0,0,0,10.0000,0
0,0,0,0,0,10.0000


VVfilt(:,:,2)=
0.8660,0,0.0256,0,0.9450,0
0,0.2734,0,1.1849,0,1.1849
-0.6697,0,0.4321,0,1.2277,0
0,-1.8230,0,2.1004,0,2.1004
-0.6542,0,-1.5259,0,2.7577,0
0,-0.9115,0,-3.9498,0,6.0502


VVfilt(:,:,3)=
0.7680,0,0.4778,0,0.5992,0
0,0.6828,0,0.9562,0,1.0294
-0.0434,0,0.4889,0,0.7249,0
0,-0.5483,0,0.5655,0,1.9751
-0.1748,0,-0.1561,0,0.8835,0
0,-0.9423,0,-0.8784,0,2.8534


VVfilt(:,:,4)=
0.8205,0,0.5923,0,0.3975,0
0,0.8092,0,0.9269,0,0.8353
0.1792,0,0.4659,0,0.4557,0
0,-0.3242,0,0.7008,0,1.3916
-0.0480,0,0.0762,0,0.3810,0
0,-0.5535,0,0.1620,0,1.2295


VVfilt(:,:,5)=
0.8664,0,0.5992,0,0.2879,0
0,0.9177,0,0.9329,0,0.6152
0.2633,0,0.4265,0,0.3089,0
0,-0.0706,0,0.7816,0,0.8423
0.0017,0,0.1130,0,0.1970,0
0,-0.2250,0,0.3137,0,0.5286


VVfilt(:,:,6)=
0.8925,0,0.5758,0,0.2220,0
0,1.0169,0,0.8837,0,0.4384
0.2978,0,0.3859,0,0.2211,0
0,0.1225,0,0.7027,0,0.5012
0.0245,0,0.1056,0,0.1162,0
0,-0.0614,0,0.2543,0,0.2470


VVfilt(:,:,7)=
0.9040,0,0.5449,0,0.1790,0
0,1.0846,0,0.8031,0,0.3164
0.3113,0,0.3471,0,0.1660,0
0,0.2298,0,0.5818,0,0.3117
0.0344,0,0.0896,0,0.0770,0
0,0.0058,0,0.1809,0,0.1308


VVfilt(:,:,8)=
0.9058,0,0.5135,0,0.1498,0
0,1.1201,0,0.7179,0,0.2364
0.3139,0,0.3123,0,0.1309,0
0,0.2772,0,0.4725,0,0.2079
0.0376,0,0.0745,0,0.0569,0
0,0.0293,0,0.1277,0,0.0802


VVfilt(:,:,9)=
0.9014,0,0.4847,0,0.1298,0
0,1.1315,0,0.6414,0,0.1850
0.3103,0,0.2829,0,0.1089,0
0,0.2904,0,0.3879,0,0.1508
0.0372,0,0.0628,0,0.0465,0
0,0.0348,0,0.0936,0,0.0572


VVfilt(:,:,10)=
0.8932,0,0.4600,0,0.1164,0
0,1.1272,0,0.5786,0,0.1528
0.3035,0,0.2598,0,0.0954,0
0,0.2866,0,0.3275,0,0.1198
0.0355,0,0.0546,0,0.0411,0
0,0.0336,0,0.0731,0,0.0467


VVfilt(:,:,11)=
0.8832,0,0.4402,0,0.1079,0
0,1.1144,0,0.5309,0,0.1336
0.2957,0,0.2429,0,0.0877,0
0,0.2759,0,0.2872,0,0.1035
0.0336,0,0.0495,0,0.0385,0
0,0.0305,0,0.0615,0,0.0420


VVfilt(:,:,12)=
0.8732,0,0.4255,0,0.1030,0
0,1.0985,0,0.4974,0,0.1230
0.2886,0,0.2315,0,0.0836,0
0,0.2643,0,0.2625,0,0.0957
0.0320,0,0.0466,0,0.0373,0
0,0.0277,0,0.0556,0,0.0402


VVfilt(:,:,13)=
0.8645,0,0.4156,0,0.1005,0
0,1.0834,0,0.4763,0,0.1181
0.2831,0,0.2247,0,0.0816,0
0,0.2547,0,0.2491,0,0.0926
0.0311,0,0.0451,0,0.0368,0
0,0.0259,0,0.0530,0,0.0396


VVfilt(:,:,14)=
0.8577,0,0.4096,0,0.0995,0
0,1.0717,0,0.4648,0,0.1165
0.2794,0,0.2210,0,0.0809,0
0,0.2485,0,0.2430,0,0.0917
0.0306,0,0.0445,0,0.0366,0
0,0.0251,0,0.0523,0,0.0395


VVfilt(:,:,15)=
0.8530,0,0.4064,0,0.0992,0
0,1.0640,0,0.4598,0,0.1164
0.2773,0,0.2193,0,0.0806,0
0,0.2454,0,0.2410,0,0.0917
0.0306,0,0.0443,0,0.0365,0
0,0.0251,0,0.0522,0,0.0395


VVfilt(:,:,16)=
0.8503,0,0.4049,0,0.0993,0
0,1.0599,0,0.4583,0,0.1168
0.2764,0,0.2186,0,0.0805,0
0,0.2445,0,0.2407,0,0.0918
0.0307,0,0.0443,0,0.0365,0
0,0.0254,0,0.0524,0,0.0394


VVfilt(:,:,17)=
0.8488,0,0.4044,0,0.0994,0
0,1.0583,0,0.4582,0,0.1171
0.2762,0,0.2184,0,0.0805,0
0,0.2448,0,0.2407,0,0.0917
0.0309,0,0.0443,0,0.0365,0
0,0.0258,0,0.0524,0,0.0394


VVfilt(:,:,18)=
0.8482,0,0.4042,0,0.0995,0
0,1.0580,0,0.4583,0,0.1172
0.2763,0,0.2182,0,0.0804,0
0,0.2453,0,0.2405,0,0.0916
0.0311,0,0.0443,0,0.0364,0
0,0.0261,0,0.0523,0,0.0393


VVfilt(:,:,19)=
0.8480,0,0.4041,0,0.0995,0
0,1.0582,0,0.4581,0,0.1172
0.2765,0,0.2180,0,0.0803,0
0,0.2458,0,0.2401,0,0.0913
0.0312,0,0.0442,0,0.0364,0
0,0.0262,0,0.0522,0,0.0392


VVfilt(:,:,20)=
0.8480,0,0.4040,0,0.0995,0
0,1.0583,0,0.4578,0,0.1170
0.2766,0,0.2179,0,0.0803,0
0,0.2459,0,0.2397,0,0.0912
0.0312,0,0.0442,0,0.0364,0
0,0.0263,0,0.0520,0,0.0391


VVfilt(:,:,21)=
0.8479,0,0.4039,0,0.0994,0
0,1.0583,0,0.4574,0,0.1169
0.2766,0,0.2177,0,0.0802,0
0,0.2459,0,0.2392,0,0.0910
0.0312,0,0.0441,0,0.0363,0
0,0.0262,0,0.0519,0,0.0391


VVfilt(:,:,22)=
0.8479,0,0.4038,0,0.0994,0
0,1.0582,0,0.4570,0,0.1168
0.2766,0,0.2176,0,0.0802,0
0,0.2458,0,0.2390,0,0.0910
0.0312,0,0.0441,0,0.0363,0
0,0.0262,0,0.0519,0,0.0391


VVfilt(:,:,23)=
0.8479,0,0.4037,0,0.0994,0
0,1.0580,0,0.4568,0,0.1168
0.2766,0,0.2175,0,0.0802,0
0,0.2457,0,0.2388,0,0.0910
0.0312,0,0.0441,0,0.0363,0
0,0.0262,0,0.0519,0,0.0391


VVfilt(:,:,24)=
0.8478,0,0.4037,0,0.0994,0
0,1.0579,0,0.4567,0,0.1168
0.2766,0,0.2175,0,0.0802,0
0,0.2457,0,0.2388,0,0.0910
0.0312,0,0.0441,0,0.0363,0
0,0.0262,0,0.0519,0,0.0391


VVfilt(:,:,25)=
0.8478,0,0.4036,0,0.0994,0
0,1.0578,0,0.4566,0,0.1168
0.2765,0,0.2174,0,0.0802,0
0,0.2456,0,0.2387,0,0.0910
0.0312,0,0.0441,0,0.0363,0
0,0.0262,0,0.0519,0,0.0391


VVfilt(:,:,26)=
0.8478,0,0.4036,0,0.0994,0
0,1.0578,0,0.4566,0,0.1168
0.2765,0,0.2174,0,0.0802,0
0,0.2456,0,0.2387,0,0.0910
0.0312,0,0.0441,0,0.0363,0
0,0.0262,0,0.0519,0,0.0391


VVfilt(:,:,27)=
0.8477,0,0.4036,0,0.0994,0
0,1.0578,0,0.4566,0,0.1168
0.2765,0,0.2174,0,0.0802,0
0,0.2456,0,0.2387,0,0.0910
0.0312,0,0.0441,0,0.0363,0
0,0.0262,0,0.0519,0,0.0391


VVfilt(:,:,28)=
0.8477,0,0.4036,0,0.0994,0
0,1.0578,0,0.4566,0,0.1168
0.2765,0,0.2174,0,0.0802,0
0,0.2457,0,0.2387,0,0.0910
0.0312,0,0.0441,0,0.0363,0
0,0.0262,0,0.0519,0,0.0391


VVfilt(:,:,29)=
0.8477,0,0.4036,0,0.0994,0
0,1.0578,0,0.4566,0,0.1168
0.2765,0,0.2174,0,0.0801,0
0,0.2457,0,0.2387,0,0.0910
0.0312,0,0.0441,0,0.0363,0
0,0.0262,0,0.0519,0,0.0391


VVfilt(:,:,30)=
0.8477,0,0.4036,0,0.0994,0
0,1.0578,0,0.4566,0,0.1168
0.2765,0,0.2174,0,0.0801,0
0,0.2457,0,0.2387,0,0.0909
0.0312,0,0.0441,0,0.0363,0
0,0.0262,0,0.0519,0,0.0391


VVfilt(:,:,31)=
0.8477,0,0.4036,0,0.0994,0
0,1.0578,0,0.4566,0,0.1168
0.2765,0,0.2174,0,0.0801,0
0,0.2457,0,0.2387,0,0.0909
0.0312,0,0.0441,0,0.0363,0
0,0.0262,0,0.0519,0,0.0391


VVfilt(:,:,32)=
0.8477,0,0.4036,0,0.0994,0
0,1.0578,0,0.4566,0,0.1168
0.2765,0,0.2174,0,0.0801,0
0,0.2457,0,0.2387,0,0.0909
0.0312,0,0.0441,0,0.0363,0
0,0.0262,0,0.0519,0,0.0391


VVfilt(:,:,33)=
0.8477,0,0.4036,0,0.0994,0
0,1.0577,0,0.4566,0,0.1168
0.2765,0,0.2174,0,0.0801,0
0,0.2456,0,0.2387,0,0.0909
0.0312,0,0.0441,0,0.0363,0
0,0.0262,0,0.0519,0,0.0391


VVfilt(:,:,34)=
0.8477,0,0.4036,0,0.0994,0
0,1.0577,0,0.4566,0,0.1168
0.2765,0,0.2174,0,0.0801,0
0,0.2456,0,0.2387,0,0.0909
0.0312,0,0.0441,0,0.0363,0
0,0.0262,0,0.0519,0,0.0391


VVfilt(:,:,35)=
0.8477,0,0.4036,0,0.0994,0
0,1.0577,0,0.4566,0,0.1168
0.2765,0,0.2174,0,0.0801,0
0,0.2456,0,0.2387,0,0.0909
0.0312,0,0.0441,0,0.0363,0
0,0.0262,0,0.0519,0,0.0391


VVfilt(:,:,36)=
0.8477,0,0.4036,0,0.0994,0
0,1.0577,0,0.4566,0,0.1168
0.2765,0,0.2174,0,0.0801,0
0,0.2456,0,0.2387,0,0.0909
0.0312,0,0.0441,0,0.0363,0
0,0.0262,0,0.0519,0,0.0391


VVfilt(:,:,37)=
0.8477,0,0.4036,0,0.0994,0
0,1.0577,0,0.4566,0,0.1168
0.2765,0,0.2174,0,0.0801,0
0,0.2456,0,0.2387,0,0.0909
0.0312,0,0.0441,0,0.0363,0
0,0.0262,0,0.0519,0,0.0391


VVfilt(:,:,38)=
0.8477,0,0.4036,0,0.0994,0
0,1.0577,0,0.4566,0,0.1168
0.2765,0,0.2174,0,0.0801,0
0,0.2456,0,0.2387,0,0.0909
0.0312,0,0.0441,0,0.0363,0
0,0.0262,0,0.0519,0,0.0391


VVfilt(:,:,39)=
0.8477,0,0.4036,0,0.0994,0
0,1.0577,0,0.4566,0,0.1168
0.2765,0,0.2174,0,0.0801,0
0,0.2456,0,0.2387,0,0.0909
0.0312,0,0.0441,0,0.0363,0
0,0.0262,0,0.0519,0,0.0391


VVfilt(:,:,40)=
0.8477,0,0.4036,0,0.0994,0
0,1.0577,0,0.4566,0,0.1168
0.2765,0,0.2174,0,0.0801,0
0,0.2456,0,0.2387,0,0.0909
0.0312,0,0.0441,0,0.0363,0
0,0.0262,0,0.0519,0,0.0391



Vfilt(:,:,1)=
2.3077,0,0,0,0,0
0,2.3077,0,0,0,0
0,0,2.3077,0,0,0
0,0,0,10.0000,0,0
0,0,0,0,10.0000,0
0,0,0,0,0,10.0000


Vfilt(:,:,2)=
1.7491,0,0.9674,0,0.9450,0
0,2.6445,0,2.3699,0,1.1849
0.9674,0,1.6643,0,1.2277,0
0,2.3699,0,4.2108,0,2.1004
0.9450,0,1.2277,0,2.7677,0
0,1.1849,0,2.1004,0,6.0602


Vfilt(:,:,3)=
1.6770,0,1.0734,0,0.5992,0
0,2.6696,0,1.9856,0,1.0294
1.0734,0,1.2198,0,0.7249,0
0,1.9856,0,2.5505,0,1.9751
0.5992,0,0.7249,0,0.8935,0
0,1.0294,0,1.9751,0,2.8634


Vfilt(:,:,4)=
1.6144,0,0.9864,0,0.3975,0
0,2.5729,0,1.7623,0,0.8353
0.9864,0,0.9285,0,0.4557,0
0,1.7623,0,2.1024,0,1.3916
0.3975,0,0.4557,0,0.3910,0
0,0.8353,0,1.3916,0,1.2395


Vfilt(:,:,5)=
1.5518,0,0.8841,0,0.2879,0
0,2.4676,0,1.5481,0,0.6152
0.8841,0,0.7430,0,0.3089,0
0,1.5481,0,1.6338,0,0.8423
0.2879,0,0.3089,0,0.2070,0
0,0.6152,0,0.8423,0,0.5386


Vfilt(:,:,6)=
1.4909,0,0.7952,0,0.2220,0
0,2.3412,0,1.3221,0,0.4384
0.7952,0,0.6150,0,0.2211,0
0,1.3221,0,1.2139,0,0.5012
0.2220,0,0.2211,0,0.1262,0
0,0.4384,0,0.5012,0,0.2570


Vfilt(:,:,7)=
1.4337,0,0.7215,0,0.1790,0
0,2.2067,0,1.1195,0,0.3164
0.7215,0,0.5214,0,0.1660,0
0,1.1195,0,0.9034,0,0.3117
0.1790,0,0.1660,0,0.0870,0
0,0.3164,0,0.3117,0,0.1408


Vfilt(:,:,8)=
1.3813,0,0.6611,0,0.1498,0
0,2.0775,0,0.9543,0,0.2364
0.6611,0,0.4517,0,0.1309,0
0,0.9543,0,0.6903,0,0.2079
0.1498,0,0.1309,0,0.0669,0
0,0.2364,0,0.2079,0,0.0902


Vfilt(:,:,9)=
1.3344,0,0.6124,0,0.1298,0
0,1.9614,0,0.8264,0,0.1850
0.6124,0,0.4004,0,0.1089,0
0,0.8264,0,0.5487,0,0.1508
0.1298,0,0.1089,0,0.0565,0
0,0.1850,0,0.1508,0,0.0672


Vfilt(:,:,10)=
1.2940,0,0.5745,0,0.1164,0
0,1.8625,0,0.7314,0,0.1528
0.5745,0,0.3640,0,0.0954,0
0,0.7314,0,0.4573,0,0.1198
0.1164,0,0.0954,0,0.0511,0
0,0.1528,0,0.1198,0,0.0567


Vfilt(:,:,11)=
1.2608,0,0.5463,0,0.1079,0
0,1.7829,0,0.6644,0,0.1336
0.5463,0,0.3394,0,0.0877,0
0,0.6644,0,0.4007,0,0.1035
0.1079,0,0.0877,0,0.0485,0
0,0.1336,0,0.1035,0,0.0520


Vfilt(:,:,12)=
1.2352,0,0.5268,0,0.1030,0
0,1.7232,0,0.6204,0,0.1230
0.5268,0,0.3240,0,0.0836,0
0,0.6204,0,0.3683,0,0.0957
0.1030,0,0.0836,0,0.0473,0
0,0.1230,0,0.0957,0,0.0502


Vfilt(:,:,13)=
1.2170,0,0.5144,0,0.1005,0
0,1.6823,0,0.5944,0,0.1181
0.5144,0,0.3152,0,0.0816,0
0,0.5944,0,0.3517,0,0.0926
0.1005,0,0.0816,0,0.0468,0
0,0.1181,0,0.0926,0,0.0496


Vfilt(:,:,14)=
1.2050,0,0.5074,0,0.0995,0
0,1.6575,0,0.5813,0,0.1165
0.5074,0,0.3108,0,0.0809,0
0,0.5813,0,0.3447,0,0.0917
0.0995,0,0.0809,0,0.0466,0
0,0.1165,0,0.0917,0,0.0495


Vfilt(:,:,15)=
1.1981,0,0.5039,0,0.0992,0
0,1.6447,0,0.5762,0,0.1164
0.5039,0,0.3089,0,0.0806,0
0,0.5762,0,0.3427,0,0.0917
0.0992,0,0.0806,0,0.0465,0
0,0.1164,0,0.0917,0,0.0495


Vfilt(:,:,16)=
1.1945,0,0.5025,0,0.0993,0
0,1.6396,0,0.5751,0,0.1168
0.5025,0,0.3081,0,0.0805,0
0,0.5751,0,0.3425,0,0.0918
0.0993,0,0.0805,0,0.0465,0
0,0.1168,0,0.0918,0,0.0494


Vfilt(:,:,17)=
1.1929,0,0.5021,0,0.0994,0
0,1.6382,0,0.5753,0,0.1171
0.5021,0,0.3078,0,0.0805,0
0,0.5753,0,0.3424,0,0.0917
0.0994,0,0.0805,0,0.0465,0
0,0.1171,0,0.0917,0,0.0494


Vfilt(:,:,18)=
1.1922,0,0.5020,0,0.0995,0
0,1.6381,0,0.5755,0,0.1172
0.5020,0,0.3076,0,0.0804,0
0,0.5755,0,0.3421,0,0.0916
0.0995,0,0.0804,0,0.0464,0
0,0.1172,0,0.0916,0,0.0493


Vfilt(:,:,19)=
1.1920,0,0.5019,0,0.0995,0
0,1.6380,0,0.5753,0,0.1172
0.5019,0,0.3074,0,0.0803,0
0,0.5753,0,0.3415,0,0.0913
0.0995,0,0.0803,0,0.0464,0
0,0.1172,0,0.0913,0,0.0492


Vfilt(:,:,20)=
1.1919,0,0.5018,0,0.0995,0
0,1.6377,0,0.5748,0,0.1170
0.5018,0,0.3071,0,0.0803,0
0,0.5748,0,0.3408,0,0.0912
0.0995,0,0.0803,0,0.0464,0
0,0.1170,0,0.0912,0,0.0491


Vfilt(:,:,21)=
1.1917,0,0.5017,0,0.0994,0
0,1.6371,0,0.5743,0,0.1169
0.5017,0,0.3069,0,0.0802,0
0,0.5743,0,0.3403,0,0.0910
0.0994,0,0.0802,0,0.0463,0
0,0.1169,0,0.0910,0,0.0491


Vfilt(:,:,22)=
1.1916,0,0.5015,0,0.0994,0
0,1.6366,0,0.5739,0,0.1168
0.5015,0,0.3068,0,0.0802,0
0,0.5739,0,0.3400,0,0.0910
0.0994,0,0.0802,0,0.0463,0
0,0.1168,0,0.0910,0,0.0491


Vfilt(:,:,23)=
1.1915,0,0.5014,0,0.0994,0
0,1.6361,0,0.5736,0,0.1168
0.5014,0,0.3067,0,0.0802,0
0,0.5736,0,0.3398,0,0.0910
0.0994,0,0.0802,0,0.0463,0
0,0.1168,0,0.0910,0,0.0491


Vfilt(:,:,24)=
1.1914,0,0.5014,0,0.0994,0
0,1.6359,0,0.5735,0,0.1168
0.5014,0,0.3066,0,0.0802,0
0,0.5735,0,0.3397,0,0.0910
0.0994,0,0.0802,0,0.0463,0
0,0.1168,0,0.0910,0,0.0491


Vfilt(:,:,25)=
1.1913,0,0.5013,0,0.0994,0
0,1.6358,0,0.5734,0,0.1168
0.5013,0,0.3066,0,0.0802,0
0,0.5734,0,0.3397,0,0.0910
0.0994,0,0.0802,0,0.0463,0
0,0.1168,0,0.0910,0,0.0491


Vfilt(:,:,26)=
1.1913,0,0.5013,0,0.0994,0
0,1.6357,0,0.5734,0,0.1168
0.5013,0,0.3066,0,0.0802,0
0,0.5734,0,0.3397,0,0.0910
0.0994,0,0.0802,0,0.0463,0
0,0.1168,0,0.0910,0,0.0491


Vfilt(:,:,27)=
1.1913,0,0.5013,0,0.0994,0
0,1.6357,0,0.5734,0,0.1168
0.5013,0,0.3066,0,0.0802,0
0,0.5734,0,0.3397,0,0.0910
0.0994,0,0.0802,0,0.0463,0
0,0.1168,0,0.0910,0,0.0491


Vfilt(:,:,28)=
1.1913,0,0.5013,0,0.0994,0
0,1.6357,0,0.5734,0,0.1168
0.5013,0,0.3066,0,0.0802,0
0,0.5734,0,0.3397,0,0.0910
0.0994,0,0.0802,0,0.0463,0
0,0.1168,0,0.0910,0,0.0491


Vfilt(:,:,29)=
1.1912,0,0.5013,0,0.0994,0
0,1.6357,0,0.5734,0,0.1168
0.5013,0,0.3066,0,0.0801,0
0,0.5734,0,0.3397,0,0.0910
0.0994,0,0.0801,0,0.0463,0
0,0.1168,0,0.0910,0,0.0491


Vfilt(:,:,30)=
1.1912,0,0.5013,0,0.0994,0
0,1.6357,0,0.5734,0,0.1168
0.5013,0,0.3066,0,0.0801,0
0,0.5734,0,0.3397,0,0.0909
0.0994,0,0.0801,0,0.0463,0
0,0.1168,0,0.0909,0,0.0491


Vfilt(:,:,31)=
1.1912,0,0.5013,0,0.0994,0
0,1.6357,0,0.5734,0,0.1168
0.5013,0,0.3066,0,0.0801,0
0,0.5734,0,0.3397,0,0.0909
0.0994,0,0.0801,0,0.0463,0
0,0.1168,0,0.0909,0,0.0491


Vfilt(:,:,32)=
1.1912,0,0.5013,0,0.0994,0
0,1.6357,0,0.5734,0,0.1168
0.5013,0,0.3065,0,0.0801,0
0,0.5734,0,0.3397,0,0.0909
0.0994,0,0.0801,0,0.0463,0
0,0.1168,0,0.0909,0,0.0491


Vfilt(:,:,33)=
1.1912,0,0.5013,0,0.0994,0
0,1.6357,0,0.5734,0,0.1168
0.5013,0,0.3065,0,0.0801,0
0,0.5734,0,0.3397,0,0.0909
0.0994,0,0.0801,0,0.0463,0
0,0.1168,0,0.0909,0,0.0491


Vfilt(:,:,34)=
1.1912,0,0.5013,0,0.0994,0
0,1.6357,0,0.5734,0,0.1168
0.5013,0,0.3065,0,0.0801,0
0,0.5734,0,0.3397,0,0.0909
0.0994,0,0.0801,0,0.0463,0
0,0.1168,0,0.0909,0,0.0491


Vfilt(:,:,35)=
1.1912,0,0.5013,0,0.0994,0
0,1.6357,0,0.5734,0,0.1168
0.5013,0,0.3065,0,0.0801,0
0,0.5734,0,0.3397,0,0.0909
0.0994,0,0.0801,0,0.0463,0
0,0.1168,0,0.0909,0,0.0491


Vfilt(:,:,36)=
1.1912,0,0.5013,0,0.0994,0
0,1.6357,0,0.5734,0,0.1168
0.5013,0,0.3065,0,0.0801,0
0,0.5734,0,0.3397,0,0.0909
0.0994,0,0.0801,0,0.0463,0
0,0.1168,0,0.0909,0,0.0491


Vfilt(:,:,37)=
1.1912,0,0.5013,0,0.0994,0
0,1.6357,0,0.5734,0,0.1168
0.5013,0,0.3065,0,0.0801,0
0,0.5734,0,0.3397,0,0.0909
0.0994,0,0.0801,0,0.0463,0
0,0.1168,0,0.0909,0,0.0491


Vfilt(:,:,38)=
1.1912,0,0.5013,0,0.0994,0
0,1.6357,0,0.5734,0,0.1168
0.5013,0,0.3065,0,0.0801,0
0,0.5734,0,0.3397,0,0.0909
0.0994,0,0.0801,0,0.0463,0
0,0.1168,0,0.0909,0,0.0491


Vfilt(:,:,39)=
1.1912,0,0.5013,0,0.0994,0
0,1.6357,0,0.5734,0,0.1168
0.5013,0,0.3065,0,0.0801,0
0,0.5734,0,0.3397,0,0.0909
0.0994,0,0.0801,0,0.0463,0
0,0.1168,0,0.0909,0,0.0491


Vfilt(:,:,40)=
1.1912,0,0.5013,0,0.0994,0
0,1.6357,0,0.5734,0,0.1168
0.5013,0,0.3065,0,0.0801,0
0,0.5734,0,0.3397,0,0.0909
0.0994,0,0.0801,0,0.0463,0
0,0.1168,0,0.0909,0,0.0491

initV=
10,0,0,0,0,0
0,10,0,0,0,0
0,0,10,0,0,0
0,0,0,10,0,0
0,0,0,0,10,0
0,0,0,0,0,10

initx=
10
2
5
0
0
0
